30
4
1 3
2 1 3
1 4
0
2
1 2
1 1
4
1 2
1 3
1 4
0
4
1 2
1 3
1 1
0
5
3 5 2 3
1 3
0
4 1 2 3 5
0
10
3 6 9 10
2 8 3
2 1 7
2 5 7
2 10 2
0
1 1
0
1 7
2 3 2
10
1 10
1 5
0
1 6
1 1
1 8
1 3
1 9
1 2
1 7
10
1 2
1 6
1 9
0
0
0
0
1 4
1 10
1 7
10
3 2 3 5
2 4 10
4 10 8 4 2
1 10
4 9 7 6 10
2 8 10
2 2 10
1 10
1 4
0
10
1 10
4 9 3 10 6
3 7 10 1
5 5 7 9 8 1
6 10 3 7 2 8 6
3 10 3 7
2 10 1
2 3 1
4 6 3 7 10
0
30
0
0
1 27
1 12
1 3
2 19 18
1 18
1 1
2 27 3
0
2 14 7
2 16 9
1 20
2 23 16
0
1 13
2 18 30
2 25 20
2 30 7
1 21
1 3
4 4 1 5 14
3 16 4 14
0
2 7 1
1 20
3 8 18 7
4 10 11 9 24
1 25
2 21 14
30
1 10
1 26
1 17
1 28
1 18
1 2
1 5
1 3
1 14
1 9
1 21
1 13
1 19
1 12
1 27
1 11
1 20
1 30
1 15
1 25
1 23
1 1
1 8
1 4
0
1 24
1 16
1 29
1 7
1 22
30
0
1 7
1 24
1 12
1 1
1 29
1 14
1 6
0
1 26
1 9
1 16
0
1 22
0
0
0
1 28
1 23
1 21
1 15
0
0
1 4
0
1 5
0
1 27
1 30
1 20
30
3 7 30 14
0
0
1 8
2 16 9
0
0
1 30
2 27 3
0
1 3
6 5 1 4 19 17 7
1 18
1 29
0
0
1 2
0
2 1 9
5 9 4 19 22 13
3 17 23 9
2 18 4
4 6 27 15 16
5 16 18 15 3 2
2 6 13
1 1
0
1 2
1 17
0
30
1 9
2 1 13
3 1 24 20
6 23 9 11 14 28 12
0
2 28 25
2 26 6
0
1 8
0
0
2 5 11
3 23 5 10
2 5 1
3 6 22 14
1 10
2 3 21
3 19 13 2
2 20 9
1 10
1 8
0
0
0
6 10 1 9 3 23 14
2 25 6
0
2 21 10
0
3 2 15 25
50
1 42
3 48 32 10
2 23 6
2 13 17
3 22 31 46
0
3 2 30 41
0
0
2 47 33
1 28
1 43
2 33 15
1 9
2 39 50
1 7
1 32
1 50
2 3 18
1 18
1 46
0
0
0
1 10
0
1 32
1 12
2 32 8
1 7
0
1 46
0
2 49 44
0
3 6 4 25
3 3 33 25
3 47 14 15
0
3 50 4 13
2 2 8
0
1 4
1 50
1 21
0
3 48 2 22
3 22 41 9
2 12 3
1 34
50
0
1 37
1 42
1 47
1 40
1 24
1 41
1 43
1 27
1 35
1 16
1 6
1 45
1 39
1 50
1 13
1 32
1 10
1 49
1 26
1 15
1 28
1 30
1 19
1 7
1 29
1 5
1 34
1 31
1 12
1 1
1 36
1 2
1 21
1 44
1 11
1 8
1 9
1 17
1 48
1 38
1 4
1 25
1 23
1 20
1 33
1 46
1 22
1 14
1 18
50
1 5
1 25
1 22
1 10
1 41
1 31
1 18
1 1
1 17
1 14
1 24
1 43
0
1 37
1 36
0
0
1 39
1 34
1 6
1 40
1 26
0
1 20
1 19
0
1 30
1 2
1 42
1 21
1 28
1 50
0
1 8
1 13
1 4
1 33
1 11
1 16
1 47
1 35
0
1 49
1 3
1 12
0
0
1 46
0
1 23
50
1 5
1 44
1 9
0
3 33 4 15
3 9 23 16
1 33
0
1 29
3 32 24 48
5 5 9 7 48 26
0
3 7 42 39
3 40 11 30
0
0
4 20 38 26 15
0
2 27 44
0
4 29 33 45 25
3 12 31 50
3 9 8 38
6 20 50 38 2 1 30
1 29
0
0
3 27 43 9
0
2 35 2
1 20
0
1 26
4 35 13 27 33
2 25 8
0
4 40 31 43 29
1 15
3 4 29 15
0
2 20 26
2 7 38
3 3 9 33
0
3 49 38 14
1 28
1 38
2 8 31
2 39 25
2 48 44
50
0
1 16
2 35 25
0
0
0
1 39
2 24 7
2 17 49
0
3 33 21 26
0
0
0
0
1 44
0
2 1 24
1 16
0
1 40
0
0
2 49 6
0
2 44 20
1 14
1 10
4 2 32 13 10
0
0
0
0
0
0
0
0
0
0
0
1 32
0
0
1 35
0
0
2 9 13
2 39 23
0
2 29 40
70
1 30
0
0
0
0
0
2 50 47
0
0
0
1 69
2 51 57
0
0
0
2 44 47
0
0
1 70
0
0
0
0
0
1 35
0
1 42
0
0
0
0
0
0
0
0
0
0
0
1 65
0
0
0
0
0
0
0
0
0
1 17
0
1 39
0
0
1 6
0
0
1 69
0
1 54
0
1 42
0
1 59
0
0
0
0
1 36
1 66
0
70
1 33
1 58
1 50
1 64
1 17
1 55
1 21
1 3
1 30
1 8
1 67
1 29
1 14
1 38
1 43
1 37
1 26
1 70
1 1
0
1 16
1 42
1 2
1 15
1 61
1 45
1 22
1 49
1 68
1 19
1 63
1 36
1 11
1 23
1 6
1 20
1 47
1 62
1 31
1 53
1 9
1 28
1 25
1 60
1 27
1 13
1 32
1 59
1 57
1 18
1 48
1 54
1 51
1 66
1 46
1 34
1 4
1 41
1 56
1 10
1 12
1 52
1 40
1 24
1 39
1 65
1 5
1 44
1 35
1 7
70
1 40
1 43
0
1 29
0
1 55
1 23
1 10
1 18
1 56
1 45
1 63
0
1 21
1 38
1 1
0
1 66
1 4
1 54
1 24
1 11
1 16
0
0
1 3
0
1 36
1 14
1 13
1 50
1 20
1 5
1 12
0
1 52
0
1 61
1 62
1 59
0
1 68
1 8
1 65
1 19
1 49
1 15
1 60
0
1 9
1 32
1 46
1 51
1 26
1 7
1 48
1 30
1 35
1 25
0
1 34
1 69
0
1 31
1 28
0
1 33
1 57
0
1 41
70
2 20 25
0
1 22
1 16
1 52
1 51
0
0
2 56 29
1 61
0
2 50 69
3 22 51 50
2 15 16
0
0
1 10
0
1 22
0
2 16 54
0
2 51 18
1 15
2 22 23
1 61
4 2 37 66 25
0
1 16
2 7 26
0
0
4 43 66 1 62
3 22 50 21
1 10
1 24
1 24
0
1 6
0
3 51 43 44
4 4 58 7 34
0
2 52 32
1 32
3 28 52 10
2 62 27
4 3 18 35 53
0
1 52
1 26
0
1 51
0
0
1 43
0
2 60 20
2 68 60
0
1 18
2 45 19
4 43 49 58 47
0
0
2 56 67
2 69 23
1 25
0
1 61
70
1 51
2 1 28
1 28
0
1 60
0
0
0
0
0
0
0
1 35
0
1 48
0
1 21
1 57
0
2 29 65
0
0
1 26
1 48
0
0
2 2 37
1 63
0
0
2 65 6
2 19 51
0
0
0
0
1 14
1 51
0
0
0
1 21
2 22 64
0
2 65 66
0
2 27 63
0
1 28
0
1 22
1 17
0
0
0
1 14
0
0
0
1 40
0
1 2
0
3 65 51 50
0
1 36
0
1 53
0
0
100
0
0
1 65
0
0
2 59 20
0
0
0
1 39
0
0
0
0
0
1 90
0
0
1 97
0
0
0
0
0
0
0
0
0
0
1 78
1 81
0
1 22
0
0
1 37
0
0
0
2 49 18
0
0
1 87
0
0
0
0
0
0
0
0
1 37
0
0
0
0
1 55
0
0
0
0
0
0
0
0
0
0
0
0
0
0
1 64
1 63
0
0
0
0
0
0
0
0
0
0
0
0
0
0
1 13
0
0
0
0
0
0
0
0
0
0
0
1 17
100
1 53
1 32
1 87
1 13
1 58
1 76
1 86
1 70
1 51
1 16
1 3
1 44
0
1 48
1 49
1 25
1 75
1 14
1 98
1 88
1 60
1 67
1 50
1 12
1 66
1 2
1 21
1 95
1 23
1 34
1 29
1 22
1 42
1 8
1 100
1 64
1 40
1 17
1 57
1 7
1 19
1 63
1 54
1 61
1 82
1 55
1 74
1 89
1 73
1 68
1 30
1 15
1 6
1 56
1 5
1 84
1 46
1 20
1 4
1 59
1 47
1 96
1 18
1 45
1 26
1 97
1 37
1 77
1 90
1 10
1 52
1 36
1 24
1 11
1 35
1 43
1 28
1 85
1 69
1 81
1 38
1 41
1 65
1 92
1 99
1 91
1 33
1 79
1 9
1 31
1 72
1 62
1 27
1 93
1 94
1 83
1 1
1 39
1 80
1 71
100
0
1 55
1 49
1 95
0
1 85
1 82
1 88
1 6
1 27
1 15
1 18
1 94
1 69
1 43
1 25
0
1 51
1 45
1 1
1 12
0
1 16
1 97
1 24
1 31
0
1 84
1 63
1 54
1 83
1 36
0
1 37
1 67
1 38
1 99
1 90
0
0
1 40
1 9
1 22
1 66
1 56
1 8
1 75
0
1 44
1 62
0
1 20
1 2
1 14
1 33
1 7
1 86
1 3
1 53
0
0
1 65
1 76
1 28
0
1 73
0
1 81
1 21
1 74
1 41
1 80
1 78
1 19
1 60
1 68
1 23
1 59
1 29
1 48
1 17
1 64
1 39
1 35
1 61
1 42
1 10
1 79
1 70
1 71
1 13
1 32
1 4
1 57
1 5
1 89
1 26
1 91
1 92
1 34
100
0
1 3
0
1 78
2 33 60
5 15 67 92 13 60
1 40
0
0
0
2 2 74
0
2 74 3
0
1 68
0
1 66
1 98
2 14 22
1 63
0
0
1 45
0
1 63
0
2 51 14
1 57
1 95
2 66 17
1 10
3 33 8 63
0
2 16 17
1 93
6 39 32 73 17 83 27
3 72 16 64
2 48 51
0
1 64
1 38
3 90 68 23
1 17
3 79 40 63
0
1 63
0
2 2 27
1 86
3 67 46 49
0
0
0
2 38 86
1 82
0
3 21 80 88
3 60 50 8
3 47 63 58
0
1 40
1 98
0
0
0
0
0
1 98
1 26
0
0
2 82 21
2 60 43
0
1 49
2 49 50
3 15 39 57
2 2 16
1 87
1 21
5 22 45 68 53 17
2 98 51
4 10 61 50 26
2 45 60
2 25 86
1 21
1 26
0
2 10 52
1 80
0
1 2
0
0
2 94 38
1 18
1 86
0
1 17
2 44 50
100
0
0
0
0
1 58
0
0
0
1 96
0
2 31 8
1 3
1 71
4 36 47 100 21
2 90 69
1 96
0
1 99
1 77
1 77
0
1 42
1 95
1 77
2 79 26
1 10
1 97
0
0
0
1 29
1 71
2 19 17
2 43 76
0
1 69
0
3 96 49 99
0
0
1 2
2 45 54
0
1 97
0
3 45 52 49
0
0
0
1 44
0
1 28
1 19
0
1 88
0
1 6
0
3 76 100 48
2 88 97
0
2 8 87
1 18
1 20
0
0
1 94
2 25 17
0
0
0
2 42 69
2 99 76
1 45
1 73
0
0
0
0
2 19 77
1 71
1 49
0
0
2 5 49
0
1 86
0
2 64 36
3 6 52 20
1 42
0
0
0
0
0
0
0
0
0